 RESP-A1 - RESP input generated by PyRED version JAN-2025
 &cntrl
  ioutopt=1, iqopt=1, nmep=2, ihfree=1, irstrnt=1, qwt=0.0005
 &end
  1.0
 MOLECULE-1 nconf=1 norient=1 nmep=1/2
    0   44          Column not used by RESP (Added by R.E.D. for information)
   16    0                         1
    6    0                         2
    8    0                         3
    7    0                         4
    1    0                         5
    6    0                         6
    8    0                         7
    6    0                         8
    1    0                         9
    6    0                        10
    1    0                        11
    1    0                        12
    6    0                        13
    6    0                        14
    1    0                        15
    6    0                        16
    1    0                        17
    6    0                        18
    6   16                        19
    1   17                        20
    6   14                        21
    1   15                        22
    8    0                        23
    6    0                        24
    1    0                        25
    1    0                        26
    6    0                        27
    1    0                        28
    1    0                        29
    7    0                        30
    6    0                        31
    1    0                        32
    1    0                        33
    1    0                        34
    6    0                        35
    7    0                        36
    6    0                        37
    1    0                        38
    6    0                        39
    1    0                        40
    6    0                        41
    1    0                        42
    6    0                        43
    1    0                        44

  1.0
 MOLECULE-1 nconf=1 norient=2 nmep=2/2
    0   44
   16    0                         1
    6    0                         2
    8    0                         3
    7    0                         4
    1    0                         5
    6    0                         6
    8    0                         7
    6    0                         8
    1    0                         9
    6    0                        10
    1    0                        11
    1    0                        12
    6    0                        13
    6    0                        14
    1    0                        15
    6    0                        16
    1    0                        17
    6    0                        18
    6   16                        19
    1   17                        20
    6   14                        21
    1   15                        22
    8    0                        23
    6    0                        24
    1    0                        25
    1    0                        26
    6    0                        27
    1    0                        28
    1    0                        29
    7    0                        30
    6    0                        31
    1    0                        32
    1    0                        33
    1    0                        34
    6    0                        35
    7    0                        36
    6    0                        37
    1    0                        38
    6    0                        39
    1    0                        40
    6    0                        41
    1    0                        42
    6    0                        43
    1    0                        44
                    Intra-molecular charge constraint(s) for atom(s) or group(s) of atoms 
                    Inter-'mep' charge equivalencing (i.e. for different orientations and/or conformations) 
    2
    1    1    2    1
    2
    1    2    2    2
    2
    1    3    2    3
    2
    1    4    2    4
    2
    1    5    2    5
    2
    1    6    2    6
    2
    1    7    2    7
    2
    1    8    2    8
    2
    1    9    2    9
    2
    1   10    2   10
    2
    1   11    2   11
    2
    1   12    2   12
    2
    1   13    2   13
    2
    1   14    2   14
    2
    1   15    2   15
    2
    1   16    2   16
    2
    1   17    2   17
    2
    1   18    2   18
    2
    1   23    2   23
    2
    1   24    2   24
    2
    1   25    2   25
    2
    1   26    2   26
    2
    1   27    2   27
    2
    1   28    2   28
    2
    1   29    2   29
    2
    1   30    2   30
    2
    1   31    2   31
    2
    1   32    2   32
    2
    1   33    2   33
    2
    1   34    2   34
    2
    1   35    2   35
    2
    1   36    2   36
    2
    1   37    2   37
    2
    1   38    2   38
    2
    1   39    2   39
    2
    1   40    2   40
    2
    1   41    2   41
    2
    1   42    2   42
    2
    1   43    2   43
    2
    1   44    2   44


