#
# Generated by PyRED version JAN-2025
#     http://q4md-forcefieldtools.org
#
Mulliken atomic charge values (QM program):
Conformation 1
                 Orient-1   Orient-2      MIN        MAX   
   1    1 S1     0.229594   0.229594   0.229594   0.229594
   2    2 C2     0.573854   0.573855   0.573854   0.573855
   3    3 O2    -0.539384  -0.539385  -0.539385  -0.539384
   4    4 N3    -0.826833  -0.826833  -0.826833  -0.826833
   5   33 HN3    0.427229   0.427229   0.427229   0.427229
   6    5 C4     0.808587   0.808587   0.808587   0.808587
   7    6 O4    -0.560383  -0.560382  -0.560383  -0.560382
   8    7 C5    -0.480092  -0.480092  -0.480092  -0.480092
   9   38 H5     0.255650   0.255650   0.255650   0.255650
  10    8 C6    -0.351440  -0.351440  -0.351440  -0.351440
  11   36 H62    0.199570   0.199570   0.199570   0.199570
  12   37 H61    0.227252   0.227252   0.227252   0.227252
  13    9 C7    -0.005424  -0.005424  -0.005424  -0.005424
  14   10 C8    -0.204369  -0.204369  -0.204369  -0.204369
  15   35 H8     0.205402   0.205402   0.205402   0.205402
  16   11 C9    -0.282763  -0.282763  -0.282763  -0.282763
  17   34 H9     0.217084   0.217084   0.217084   0.217084
  18   12 C10    0.448865   0.448864   0.448864   0.448865
  19   13 C11   -0.252868  -0.252868  -0.252868  -0.252868
  20   44 H11    0.215776   0.215776   0.215776   0.215776
  21   14 C12   -0.197346  -0.197347  -0.197347  -0.197346
  22   43 H12    0.214051   0.214051   0.214051   0.214051
  23   15 O13   -0.678138  -0.678138  -0.678138  -0.678138
  24   16 C14   -0.006774  -0.006774  -0.006774  -0.006774
  25   31 H142   0.154942   0.154942   0.154942   0.154942
  26   32 H141   0.188214   0.188214   0.188214   0.188214
  27   17 C15   -0.122867  -0.122867  -0.122867  -0.122867
  28   29 H152   0.214033   0.214033   0.214033   0.214033
  29   30 H151   0.181340   0.181341   0.181340   0.181341
  30   19 N16   -0.700708  -0.700707  -0.700708  -0.700707
  31   18 C16   -0.277691  -0.277691  -0.277691  -0.277691
  32   26 H163   0.191482   0.191482   0.191482   0.191482
  33   27 H162   0.165054   0.165054   0.165054   0.165054
  34   28 H161   0.172191   0.172191   0.172191   0.172191
  35   20 C17    0.678809   0.678809   0.678809   0.678809
  36   21 N18   -0.657926  -0.657926  -0.657926  -0.657926
  37   22 C19    0.096112   0.096111   0.096111   0.096112
  38   42 H19    0.196062   0.196062   0.196062   0.196062
  39   23 C20   -0.299507  -0.299507  -0.299507  -0.299507
  40   41 H20    0.202337   0.202337   0.202337   0.202337
  41   24 C21   -0.123888  -0.123888  -0.123888  -0.123888
  42   40 H21    0.210203   0.210204   0.210203   0.210204
  43   25 C22   -0.317516  -0.317516  -0.317516  -0.317516
  44   39 H22    0.212225   0.212225   0.212225   0.212225

ESP charge values (QM program):
Conformation 1
                 Orient-1   Orient-2      MIN        MAX     AVERAGE  
   1    1 S1    -0.219337  -0.210423  -0.219337  -0.210423  -0.214880
   2    2 C2     0.605428   0.609551   0.605428   0.609551   0.607490
   3    3 O2    -0.480991  -0.480668  -0.480991  -0.480668  -0.480830
   4    4 N3    -0.611279  -0.635195  -0.635195  -0.611279  -0.623237
   5   33 HN3    0.397243   0.402397   0.397243   0.402397   0.399820
   6    5 C4     0.629569   0.669176   0.629569   0.669176   0.649373
   7    6 O4    -0.549973  -0.558543  -0.558543  -0.549973  -0.554258
   8    7 C5     0.136806   0.096849   0.096849   0.136806   0.116828
   9   38 H5     0.045329   0.056102   0.045329   0.056102   0.050715
  10    8 C6    -0.082526  -0.098246  -0.098246  -0.082526  -0.090386
  11   36 H62    0.058653   0.068887   0.058653   0.068887   0.063770
  12   37 H61    0.054735   0.060766   0.054735   0.060766   0.057750
  13    9 C7    -0.105890  -0.114863  -0.114863  -0.105890  -0.110377
  14   10 C8    -0.049413  -0.032511  -0.049413  -0.032511  -0.040962
  15   35 H8     0.139927   0.137289   0.137289   0.139927   0.138608
  16   11 C9    -0.397694  -0.419230  -0.419230  -0.397694  -0.408462
  17   34 H9     0.161993   0.169003   0.161993   0.169003   0.165498
  18   12 C10    0.524409   0.552919   0.524409   0.552919   0.538664
  19   13 C11   -0.439213  -0.452850  -0.452850  -0.439213  -0.446032
  20   44 H11    0.192126   0.193314   0.192126   0.193314   0.192720
  21   14 C12    0.057979   0.063749   0.057979   0.063749   0.060864
  22   43 H12    0.089516   0.090755   0.089516   0.090755   0.090136
  23   15 O13   -0.407655  -0.438638  -0.438638  -0.407655  -0.423146
  24   16 C14    0.175386   0.243440   0.175386   0.243440   0.209413
  25   31 H142   0.029211   0.008096   0.008096   0.029211   0.018653
  26   32 H141   0.066655   0.046700   0.046700   0.066655   0.056678
  27   17 C15   -0.147767  -0.136130  -0.147767  -0.136130  -0.141949
  28   29 H152   0.082894   0.073903   0.073903   0.082894   0.078398
  29   30 H151   0.126861   0.121555   0.121555   0.126861   0.124208
  30   19 N16   -0.307846  -0.312500  -0.312500  -0.307846  -0.310173
  31   18 C16   -0.175828  -0.199599  -0.199599  -0.175828  -0.187714
  32   26 H163   0.117596   0.127333   0.117596   0.127333   0.122465
  33   27 H162   0.065170   0.070646   0.065170   0.070646   0.067908
  34   28 H161   0.089121   0.094748   0.089121   0.094748   0.091935
  35   20 C17    0.866567   0.869017   0.866567   0.869017   0.867792
  36   21 N18   -0.697394  -0.696484  -0.697394  -0.696484  -0.696939
  37   22 C19    0.354463   0.357004   0.354463   0.357004   0.355733
  38   42 H19    0.069926   0.068424   0.068424   0.069926   0.069175
  39   23 C20   -0.534402  -0.538156  -0.538156  -0.534402  -0.536279
  40   41 H20    0.192547   0.192539   0.192539   0.192547   0.192543
  41   24 C21    0.221282   0.228086   0.221282   0.228086   0.224684
  42   40 H21    0.106771   0.103867   0.103867   0.106771   0.105319
  43   25 C22   -0.675639  -0.676059  -0.676059  -0.675639  -0.675849
  44   39 H22    0.224683   0.223980   0.223980   0.224683   0.224332

